name: py36-gpu
channels:
  - defaults
dependencies:
  - _tflow_select=2.1.0=gpu
  - absl-py=0.11.0=py36haa95532_0
  - aiohttp=3.6.3=py36he774522_0
  - astor=0.8.1=py36_0
  - async-timeout=3.0.1=py36_0
  - attrs=20.3.0=pyhd3eb1b0_0
  - backports=1.0=pyhd3eb1b0_2
  - backports.weakref=1.0rc1=py36_0
  - blas=1.0=mkl
  - bleach=1.5.0=py36_0
  - blinker=1.4=py36_0
  - brotlipy=0.7.0=py36h2bbff1b_1003
  - ca-certificates=2020.10.14=0
  - cachetools=4.1.1=py_0
  - certifi=2020.6.20=pyhd3eb1b0_3
  - cffi=1.14.3=py36hcd4344a_2
  - chardet=3.0.4=py36haa95532_1003
  - click=7.1.2=py_0
  - cryptography=3.2.1=py36hcd4344a_1
  - cudatoolkit=8.0=3
  - cudnn=7.1.4=cuda8.0_0
  - gast=0.2.2=py36_0
  - google-auth=1.23.0=pyhd3eb1b0_0
  - google-auth-oauthlib=0.4.2=pyhd3eb1b0_2
  - google-pasta=0.2.0=py_0
  - grpcio=1.31.0=py36he7da953_0
  - h5py=2.10.0=py36h5e291fa_0
  - hdf5=1.10.4=h7ebc959_0
  - html5lib=0.9999999=py36_0
  - icc_rt=2019.0.0=h0cc432a_1
  - idna=2.10=py_0
  - idna_ssl=1.1.0=py36_0
  - importlib-metadata=2.0.0=py_1
  - intel-openmp=2020.2=254
  - keras-applications=1.0.8=py_1
  - keras-preprocessing=1.1.0=py_1
  - libprotobuf=3.13.0.1=h200bbdf_0
  - m2-base=1.0.0=3
  - m2-bash=4.3.042=5
  - m2-bash-completion=2.3=2
  - m2-catgets=1.1=3
  - m2-coreutils=8.25=102
  - m2-dash=0.5.8=2
  - m2-file=5.25=2
  - m2-filesystem=2016.04=4
  - m2-findutils=4.6.0=2
  - m2-gawk=4.1.3=2
  - m2-gcc-libs=5.3.0=4
  - m2-gettext=0.19.7=4
  - m2-gmp=6.1.0=3
  - m2-grep=2.22=4
  - m2-gzip=1.7=2
  - m2-inetutils=1.9.2=2
  - m2-info=6.0=2
  - m2-less=481=2
  - m2-libasprintf=0.19.7=4
  - m2-libcatgets=1.1=3
  - m2-libcrypt=1.3=2
  - m2-libgettextpo=0.19.7=4
  - m2-libiconv=1.14=3
  - m2-libintl=0.19.7=4
  - m2-liblzma=5.2.2=2
  - m2-libpcre=8.38=2
  - m2-libreadline=6.3.008=8
  - m2-libutil-linux=2.26.2=2
  - m2-libxml2=2.9.2=3
  - m2-mintty=1!2.2.3=2
  - m2-mpfr=3.1.4=2
  - m2-msys2-launcher-git=0.3.28.860c495=2
  - m2-msys2-runtime=2.5.0.17080.65c939c=3
  - m2-ncurses=6.0.20160220=2
  - m2-sed=4.2.2=3
  - m2-tftp-hpa=5.2=2
  - m2-time=1.7=2
  - m2-ttyrec=1.0.8=2
  - m2-tzcode=2015.e=2
  - m2-util-linux=2.26.2=2
  - m2-which=2.21=3
  - m2-zlib=1.2.8=4
  - markdown=3.3.3=py36haa95532_0
  - mkl=2020.2=256
  - mkl-service=2.3.0=py36h2bbff1b_0
  - mkl_fft=1.2.0=py36h45dec08_0
  - mkl_random=1.1.1=py36h47e9c7a_0
  - msys2-conda-epoch=20160418=1
  - multidict=4.7.6=py36he774522_1
  - numpy=1.19.2=py36hadc3359_0
  - numpy-base=1.19.2=py36ha3acd2a_0
  - oauthlib=3.1.0=py_0
  - openssl=1.1.1h=he774522_0
  - opt_einsum=3.1.0=py_0
  - pip=20.2.4=py36haa95532_0
  - protobuf=3.13.0.1=py36ha925a31_1
  - pyasn1=0.4.8=py_0
  - pyasn1-modules=0.2.8=py_0
  - pycparser=2.20=py_2
  - pyjwt=1.7.1=py36_0
  - pyopenssl=19.1.0=pyhd3eb1b0_1
  - pyreadline=2.1=py36_1
  - pysocks=1.7.1=py36haa95532_0
  - python=3.6.12=h5500b2f_2
  - requests=2.24.0=py_0
  - requests-oauthlib=1.3.0=py_0
  - rsa=4.6=py_0
  - scipy=1.5.2=py36h9439919_0
  - setuptools=50.3.1=py36haa95532_1
  - six=1.15.0=py36haa95532_0
  - sqlite=3.33.0=h2a8f88b_0
  - tensorboard=2.3.0=pyh4dce500_0
  - tensorboard-plugin-wit=1.6.0=py_0
  - tensorflow=1.2.1=py36_0
  - tensorflow-base=2.1.0=eigen_py36h49b2757_0
  - tensorflow-estimator=2.1.0=pyhd54b08b_0
  - termcolor=1.1.0=py36_1
  - typing_extensions=3.7.4.3=py_0
  - urllib3=1.25.11=py_0
  - vc=14.1=h0510ff6_4
  - vs2015_runtime=14.16.27012=hf0eaf9b_3
  - werkzeug=0.16.1=py_0
  - wheel=0.35.1=pyhd3eb1b0_0
  - win_inet_pton=1.1.0=py36haa95532_0
  - wincertstore=0.2=py36h7fe50ca_0
  - wrapt=1.12.1=py36he774522_1
  - yarl=1.6.2=py36he774522_0
  - zipp=3.4.0=pyhd3eb1b0_0
  - zlib=1.2.11=h62dcd97_4
prefix: D:\ProgramFiles\Anaconda3\envs\py36-gpu

